383
886
777
915
793
335
386
492
649
421
362
27
690
59
763
926
540
426
172
736
211
368
567
429
782
530
862
123
67
135
929
802
22
58
69
167
393
456
11
42
229
373
919
784
537
198
324
315
370
413
526
91
980
956
873
170
996
281
305
925
84
327
336
505
846
729
313
857
124
895
582
545
814
367
434
364
43
750
87
808
276
178
788
584
403
651
754
399
932
60
676
739
12
226
586
94
539
795
570
378
467
601
97
902
317
652
756
301
280
286
441
865
689
444
619
440
31
117
771
481
675
709
927
856
497
353
965
306
683
219
624
528
871
732
829
503
19
270
708
715
340
149
796
723
618
245
451
921
555
379
488
764
228
841
350
193
500
34
914
987
743
491
227
365
859
936
432
551
437
275
407
474
121
858
395
29
237
235
818
428
143
928
529
776
404
443
613
538
606
840
904
128
688
369
917
470
183
490
499
772
